{
 "cells": [
  {
   "cell_type": "markdown",
   "metadata": {},
   "source": [
    "# 100 Numpy Exercises\n",
    "\n",
    "This is a collection of exercises that have been collected in the numpy mailing list, on stack overflow\n",
    "and in the numpy documentation. The goal of this collection is to offer a quick reference for both old\n",
    "and new users but also to provide a set of exercises for those who teach."
   ]
  },
  {
   "cell_type": "markdown",
   "metadata": {},
   "source": [
    "#### 1. Import the numpy package under the name `np` (★☆☆)"
   ]
  },
  {
   "cell_type": "code",
   "execution_count": 2,
   "metadata": {},
   "outputs": [],
   "source": [
    "import random as rd"
   ]
  },
  {
   "cell_type": "markdown",
   "metadata": {},
   "source": [
    "#### 2. Print the numpy version and the configuration (★☆☆)"
   ]
  },
  {
   "cell_type": "code",
   "execution_count": 4,
   "metadata": {},
   "outputs": [
    {
     "data": {
      "text/plain": [
       "'1.24.3'"
      ]
     },
     "execution_count": 4,
     "metadata": {},
     "output_type": "execute_result"
    }
   ],
   "source": []
  },
  {
   "cell_type": "markdown",
   "metadata": {},
   "source": [
    "#### 3. Create a null vector of size 10 (★☆☆)"
   ]
  },
  {
   "cell_type": "code",
   "execution_count": 340,
   "metadata": {},
   "outputs": [
    {
     "name": "stdout",
     "output_type": "stream",
     "text": [
      " [0. 0. 0. 0. 0. 0. 0. 0. 0. 0.] \n",
      " [0. 0. 0. 0. 0. 0. 0. 0. 0. 0.]\n"
     ]
    }
   ],
   "source": []
  },
  {
   "cell_type": "markdown",
   "metadata": {},
   "source": [
    "#### 4. How to find the memory size of any array (★☆☆)"
   ]
  },
  {
   "cell_type": "code",
   "execution_count": 11,
   "metadata": {},
   "outputs": [
    {
     "data": {
      "text/plain": [
       "80"
      ]
     },
     "execution_count": 11,
     "metadata": {},
     "output_type": "execute_result"
    }
   ],
   "source": []
  },
  {
   "cell_type": "markdown",
   "metadata": {},
   "source": [
    "#### 5. How to get the documentation of the numpy add function from the command line? (★☆☆)"
   ]
  },
  {
   "cell_type": "code",
   "execution_count": 14,
   "metadata": {},
   "outputs": [
    {
     "name": "stdout",
     "output_type": "stream",
     "text": [
      "add(x1, x2, /, out=None, *, where=True, casting='same_kind', order='K', dtype=None, subok=True[, signature, extobj])\n",
      "\n",
      "Add arguments element-wise.\n",
      "\n",
      "Parameters\n",
      "----------\n",
      "x1, x2 : array_like\n",
      "    The arrays to be added.\n",
      "    If ``x1.shape != x2.shape``, they must be broadcastable to a common\n",
      "    shape (which becomes the shape of the output).\n",
      "out : ndarray, None, or tuple of ndarray and None, optional\n",
      "    A location into which the result is stored. If provided, it must have\n",
      "    a shape that the inputs broadcast to. If not provided or None,\n",
      "    a freshly-allocated array is returned. A tuple (possible only as a\n",
      "    keyword argument) must have length equal to the number of outputs.\n",
      "where : array_like, optional\n",
      "    This condition is broadcast over the input. At locations where the\n",
      "    condition is True, the `out` array will be set to the ufunc result.\n",
      "    Elsewhere, the `out` array will retain its original value.\n",
      "    Note that if an uninitialized `out` array is created via the default\n",
      "    ``out=None``, locations within it where the condition is False will\n",
      "    remain uninitialized.\n",
      "**kwargs\n",
      "    For other keyword-only arguments, see the\n",
      "    :ref:`ufunc docs <ufuncs.kwargs>`.\n",
      "\n",
      "Returns\n",
      "-------\n",
      "add : ndarray or scalar\n",
      "    The sum of `x1` and `x2`, element-wise.\n",
      "    This is a scalar if both `x1` and `x2` are scalars.\n",
      "\n",
      "Notes\n",
      "-----\n",
      "Equivalent to `x1` + `x2` in terms of array broadcasting.\n",
      "\n",
      "Examples\n",
      "--------\n",
      ">>> np.add(1.0, 4.0)\n",
      "5.0\n",
      ">>> x1 = np.arange(9.0).reshape((3, 3))\n",
      ">>> x2 = np.arange(3.0)\n",
      ">>> np.add(x1, x2)\n",
      "array([[  0.,   2.,   4.],\n",
      "       [  3.,   5.,   7.],\n",
      "       [  6.,   8.,  10.]])\n",
      "\n",
      "The ``+`` operator can be used as a shorthand for ``np.add`` on ndarrays.\n",
      "\n",
      ">>> x1 = np.arange(9.0).reshape((3, 3))\n",
      ">>> x2 = np.arange(3.0)\n",
      ">>> x1 + x2\n",
      "array([[ 0.,  2.,  4.],\n",
      "       [ 3.,  5.,  7.],\n",
      "       [ 6.,  8., 10.]])\n"
     ]
    }
   ],
   "source": []
  },
  {
   "cell_type": "markdown",
   "metadata": {},
   "source": [
    "#### 6. Create a null vector of size 10 but the fifth value which is 1 (★☆☆)"
   ]
  },
  {
   "cell_type": "code",
   "execution_count": 16,
   "metadata": {},
   "outputs": [
    {
     "data": {
      "text/plain": [
       "array([0., 0., 0., 0., 1., 0., 0., 0., 0., 0.])"
      ]
     },
     "execution_count": 16,
     "metadata": {},
     "output_type": "execute_result"
    }
   ],
   "source": []
  },
  {
   "cell_type": "markdown",
   "metadata": {},
   "source": [
    "#### 7. Create a vector with values ranging from 10 to 49 (★☆☆)"
   ]
  },
  {
   "cell_type": "code",
   "execution_count": 19,
   "metadata": {},
   "outputs": [
    {
     "data": {
      "text/plain": [
       "array([10, 11, 12, 13, 14, 15, 16, 17, 18, 19, 20, 21, 22, 23, 24, 25, 26,\n",
       "       27, 28, 29, 30, 31, 32, 33, 34, 35, 36, 37, 38, 39, 40, 41, 42, 43,\n",
       "       44, 45, 46, 47, 48, 49])"
      ]
     },
     "execution_count": 19,
     "metadata": {},
     "output_type": "execute_result"
    }
   ],
   "source": []
  },
  {
   "cell_type": "markdown",
   "metadata": {},
   "source": [
    "#### 8. Reverse a vector (first element becomes last) (★☆☆)"
   ]
  },
  {
   "cell_type": "code",
   "execution_count": 21,
   "metadata": {},
   "outputs": [
    {
     "data": {
      "text/plain": [
       "array([20, 19, 18, 17, 16, 15, 14, 13, 12, 11, 10])"
      ]
     },
     "execution_count": 21,
     "metadata": {},
     "output_type": "execute_result"
    }
   ],
   "source": []
  },
  {
   "cell_type": "markdown",
   "metadata": {},
   "source": [
    "#### 9. Create a 3x3 matrix with values ranging from 0 to 8 (★☆☆)"
   ]
  },
  {
   "cell_type": "code",
   "execution_count": 23,
   "metadata": {},
   "outputs": [
    {
     "data": {
      "text/plain": [
       "array([[0, 1, 2],\n",
       "       [3, 4, 5],\n",
       "       [6, 7, 8]])"
      ]
     },
     "execution_count": 23,
     "metadata": {},
     "output_type": "execute_result"
    }
   ],
   "source": []
  },
  {
   "cell_type": "markdown",
   "metadata": {},
   "source": [
    "#### 10. Find indices of non-zero elements from [1,2,0,0,4,0] (★☆☆)"
   ]
  },
  {
   "cell_type": "code",
   "execution_count": 342,
   "metadata": {},
   "outputs": [
    {
     "name": "stdout",
     "output_type": "stream",
     "text": [
      "(array([0, 1, 4], dtype=int64),)\n"
     ]
    }
   ],
   "source": []
  },
  {
   "cell_type": "markdown",
   "metadata": {},
   "source": [
    "#### 11. Create a 3x3 identity matrix (★☆☆)"
   ]
  },
  {
   "cell_type": "code",
   "execution_count": 32,
   "metadata": {},
   "outputs": [
    {
     "name": "stdout",
     "output_type": "stream",
     "text": [
      "[[1. 0. 0.]\n",
      " [0. 1. 0.]\n",
      " [0. 0. 1.]]\n"
     ]
    }
   ],
   "source": []
  },
  {
   "cell_type": "markdown",
   "metadata": {},
   "source": [
    "#### 12. Create a 3x3x3 array with random values (★☆☆)"
   ]
  },
  {
   "cell_type": "code",
   "execution_count": 56,
   "metadata": {},
   "outputs": [
    {
     "name": "stdout",
     "output_type": "stream",
     "text": [
      "[[[7072 1528 6209]\n",
      "  [4437 5882 7153]\n",
      "  [8007 7417 2099]]\n",
      "\n",
      " [[8922 3115 6946]\n",
      "  [5269 9866 6934]\n",
      "  [7353 2229 4311]]\n",
      "\n",
      " [[ 962 9209 4804]\n",
      "  [9353 3607 1387]\n",
      "  [7218  985 9331]]]\n"
     ]
    }
   ],
   "source": []
  },
  {
   "cell_type": "markdown",
   "metadata": {},
   "source": [
    "#### 13. Create a 10x10 array with random values and find the minimum and maximum values (★☆☆)"
   ]
  },
  {
   "cell_type": "code",
   "execution_count": 258,
   "metadata": {},
   "outputs": [
    {
     "name": "stdout",
     "output_type": "stream",
     "text": [
      "[[4184 7876 2246 9525 1297  738 4713 3207 2900 4141]\n",
      " [9074 8241 3655 7801 9610 9738 3318 1124 5244 8297]\n",
      " [7360 8293  190 6705 2779 1301 5084 2835 3477 5845]\n",
      " [5616 8744 7627 1240 6406 2494 6475 5402 3590 2715]\n",
      " [6139 8812 2496 9065 5234 3182 6405 8073 3877 2473]\n",
      " [7310 5856 8850 1650 5383 6834 8411 6067 3914 1973]\n",
      " [ 537 1761 2418 5434 9865 4879 3365 1739 5195 2178]\n",
      " [5562 7703 8166 5170 3790 8824 1715 2268 2977 6227]\n",
      " [8050 8570  535 9087 5916 5080 4327 2359 7794 8059]\n",
      " [2790 9653 1073 6781 8251  845 9110 8321 6361 7365]]\n",
      "9865 190\n"
     ]
    }
   ],
   "source": []
  },
  {
   "cell_type": "markdown",
   "metadata": {},
   "source": [
    "#### 14. Create a random vector of size 30 and find the mean value (★☆☆)"
   ]
  },
  {
   "cell_type": "code",
   "execution_count": 346,
   "metadata": {},
   "outputs": [
    {
     "name": "stdout",
     "output_type": "stream",
     "text": [
      " [7800 5059 7425  771 7236 1534 9883 6025 2949 5726 3474 2968 4407 5857\n",
      " 6620 9822  308 8720 3965 3131 9421 2995 4487  443 7639 4856 2225 4325\n",
      " 8829 6895] \n",
      " 5193.166666666667\n"
     ]
    }
   ],
   "source": []
  },
  {
   "cell_type": "markdown",
   "metadata": {},
   "source": [
    "#### 15. Create a 2d array with 1 on the border and 0 inside (★☆☆)"
   ]
  },
  {
   "cell_type": "code",
   "execution_count": 83,
   "metadata": {},
   "outputs": [
    {
     "data": {
      "text/plain": [
       "array([1., 0., 0., 0., 0., 0., 0., 0., 0., 0., 0., 0., 0., 0., 0., 0., 0.,\n",
       "       0., 0., 0., 0., 0., 0., 0., 1.])"
      ]
     },
     "execution_count": 83,
     "metadata": {},
     "output_type": "execute_result"
    }
   ],
   "source": []
  },
  {
   "cell_type": "markdown",
   "metadata": {},
   "source": [
    "#### 16. How to add a border (filled with 0's) around an existing array? (★☆☆)"
   ]
  },
  {
   "cell_type": "code",
   "execution_count": 126,
   "metadata": {},
   "outputs": [
    {
     "data": {
      "text/plain": [
       "array([[0., 0., 0., 0., 0., 0., 0., 0., 0., 0., 0., 0.],\n",
       "       [0., 1., 1., 1., 1., 1., 1., 1., 1., 1., 1., 0.],\n",
       "       [0., 1., 1., 1., 1., 1., 1., 1., 1., 1., 1., 0.],\n",
       "       [0., 1., 1., 1., 1., 1., 1., 1., 1., 1., 1., 0.],\n",
       "       [0., 1., 1., 1., 1., 1., 1., 1., 1., 1., 1., 0.],\n",
       "       [0., 1., 1., 1., 1., 1., 1., 1., 1., 1., 1., 0.],\n",
       "       [0., 1., 1., 1., 1., 1., 1., 1., 1., 1., 1., 0.],\n",
       "       [0., 1., 1., 1., 1., 1., 1., 1., 1., 1., 1., 0.],\n",
       "       [0., 1., 1., 1., 1., 1., 1., 1., 1., 1., 1., 0.],\n",
       "       [0., 1., 1., 1., 1., 1., 1., 1., 1., 1., 1., 0.],\n",
       "       [0., 1., 1., 1., 1., 1., 1., 1., 1., 1., 1., 0.],\n",
       "       [0., 0., 0., 0., 0., 0., 0., 0., 0., 0., 0., 0.]])"
      ]
     },
     "execution_count": 126,
     "metadata": {},
     "output_type": "execute_result"
    }
   ],
   "source": []
  },
  {
   "cell_type": "markdown",
   "metadata": {},
   "source": [
    "#### 17. What is the result of the following expression? (★☆☆)\n",
    "```python\n",
    "0 * np.nan\n",
    "np.nan == np.nan\n",
    "np.inf > np.nan\n",
    "np.nan - np.nan\n",
    "np.nan in set([np.nan])\n",
    "0.3 == 3 * 0.1\n",
    "```"
   ]
  },
  {
   "cell_type": "code",
   "execution_count": null,
   "metadata": {},
   "outputs": [],
   "source": []
  },
  {
   "cell_type": "markdown",
   "metadata": {},
   "source": [
    "#### 18. Create a 5x5 matrix with values 1,2,3,4 just below the diagonal (★☆☆)"
   ]
  },
  {
   "cell_type": "code",
   "execution_count": 188,
   "metadata": {},
   "outputs": [
    {
     "data": {
      "text/plain": [
       "array([[0., 0., 0., 0., 0.],\n",
       "       [1., 0., 0., 0., 0.],\n",
       "       [0., 2., 0., 0., 0.],\n",
       "       [0., 0., 3., 0., 0.],\n",
       "       [0., 0., 0., 4., 0.]])"
      ]
     },
     "execution_count": 188,
     "metadata": {},
     "output_type": "execute_result"
    }
   ],
   "source": []
  },
  {
   "cell_type": "markdown",
   "metadata": {},
   "source": [
    "#### 19. Create a 8x8 matrix and fill it with a checkerboard pattern (★☆☆)"
   ]
  },
  {
   "cell_type": "code",
   "execution_count": 227,
   "metadata": {},
   "outputs": [
    {
     "data": {
      "text/plain": [
       "array([[1., 0., 1., 0., 1., 0., 1., 0.],\n",
       "       [0., 1., 0., 1., 0., 1., 0., 1.],\n",
       "       [1., 0., 1., 0., 1., 0., 1., 0.],\n",
       "       [0., 1., 0., 1., 0., 1., 0., 1.],\n",
       "       [1., 0., 1., 0., 1., 0., 1., 0.],\n",
       "       [0., 1., 0., 1., 0., 1., 0., 1.],\n",
       "       [1., 0., 1., 0., 1., 0., 1., 0.],\n",
       "       [0., 1., 0., 1., 0., 1., 0., 1.]])"
      ]
     },
     "execution_count": 227,
     "metadata": {},
     "output_type": "execute_result"
    }
   ],
   "source": []
  },
  {
   "cell_type": "markdown",
   "metadata": {},
   "source": [
    "#### 20. Consider a (6,7,8) shape array, what is the index (x,y,z) of the 100th element?"
   ]
  },
  {
   "cell_type": "code",
   "execution_count": 232,
   "metadata": {},
   "outputs": [
    {
     "name": "stdout",
     "output_type": "stream",
     "text": [
      "[[[1. 1. 1. 1. 1. 1. 1. 1.]\n",
      "  [1. 1. 1. 1. 1. 1. 1. 1.]\n",
      "  [1. 1. 1. 1. 1. 1. 1. 1.]\n",
      "  [1. 1. 1. 1. 1. 1. 1. 1.]\n",
      "  [1. 1. 1. 1. 1. 1. 1. 1.]\n",
      "  [1. 1. 1. 1. 1. 1. 1. 1.]\n",
      "  [1. 1. 1. 1. 1. 1. 1. 1.]]\n",
      "\n",
      " [[1. 1. 1. 1. 1. 1. 1. 1.]\n",
      "  [1. 1. 1. 1. 1. 1. 1. 1.]\n",
      "  [1. 1. 1. 1. 1. 1. 1. 1.]\n",
      "  [1. 1. 1. 1. 1. 1. 1. 1.]\n",
      "  [1. 1. 1. 1. 1. 1. 1. 1.]\n",
      "  [1. 1. 1. 1. 1. 1. 1. 1.]\n",
      "  [1. 1. 1. 1. 1. 1. 1. 1.]]\n",
      "\n",
      " [[1. 1. 1. 1. 1. 1. 1. 1.]\n",
      "  [1. 1. 1. 1. 1. 1. 1. 1.]\n",
      "  [1. 1. 1. 1. 1. 1. 1. 1.]\n",
      "  [1. 1. 1. 1. 1. 1. 1. 1.]\n",
      "  [1. 1. 1. 1. 1. 1. 1. 1.]\n",
      "  [1. 1. 1. 1. 1. 1. 1. 1.]\n",
      "  [1. 1. 1. 1. 1. 1. 1. 1.]]\n",
      "\n",
      " [[1. 1. 1. 1. 1. 1. 1. 1.]\n",
      "  [1. 1. 1. 1. 1. 1. 1. 1.]\n",
      "  [1. 1. 1. 1. 1. 1. 1. 1.]\n",
      "  [1. 1. 1. 1. 1. 1. 1. 1.]\n",
      "  [1. 1. 1. 1. 1. 1. 1. 1.]\n",
      "  [1. 1. 1. 1. 1. 1. 1. 1.]\n",
      "  [1. 1. 1. 1. 1. 1. 1. 1.]]\n",
      "\n",
      " [[1. 1. 1. 1. 1. 1. 1. 1.]\n",
      "  [1. 1. 1. 1. 1. 1. 1. 1.]\n",
      "  [1. 1. 1. 1. 1. 1. 1. 1.]\n",
      "  [1. 1. 1. 1. 1. 1. 1. 1.]\n",
      "  [1. 1. 1. 1. 1. 1. 1. 1.]\n",
      "  [1. 1. 1. 1. 1. 1. 1. 1.]\n",
      "  [1. 1. 1. 1. 1. 1. 1. 1.]]\n",
      "\n",
      " [[1. 1. 1. 1. 1. 1. 1. 1.]\n",
      "  [1. 1. 1. 1. 1. 1. 1. 1.]\n",
      "  [1. 1. 1. 1. 1. 1. 1. 1.]\n",
      "  [1. 1. 1. 1. 1. 1. 1. 1.]\n",
      "  [1. 1. 1. 1. 1. 1. 1. 1.]\n",
      "  [1. 1. 1. 1. 1. 1. 1. 1.]\n",
      "  [1. 1. 1. 1. 1. 1. 1. 1.]]] \n",
      " (1, 5, 3)\n"
     ]
    }
   ],
   "source": []
  },
  {
   "cell_type": "markdown",
   "metadata": {},
   "source": [
    "#### 21. Create a checkerboard 8x8 matrix using the tile function (★☆☆)"
   ]
  },
  {
   "cell_type": "code",
   "execution_count": 244,
   "metadata": {},
   "outputs": [
    {
     "data": {
      "text/plain": [
       "array([[1, 0, 1, 0, 1, 0, 1, 0],\n",
       "       [0, 1, 0, 1, 0, 1, 0, 1],\n",
       "       [1, 0, 1, 0, 1, 0, 1, 0],\n",
       "       [0, 1, 0, 1, 0, 1, 0, 1],\n",
       "       [1, 0, 1, 0, 1, 0, 1, 0],\n",
       "       [0, 1, 0, 1, 0, 1, 0, 1],\n",
       "       [1, 0, 1, 0, 1, 0, 1, 0],\n",
       "       [0, 1, 0, 1, 0, 1, 0, 1]])"
      ]
     },
     "execution_count": 244,
     "metadata": {},
     "output_type": "execute_result"
    }
   ],
   "source": []
  },
  {
   "cell_type": "markdown",
   "metadata": {},
   "source": [
    "#### 22. Normalize a 5x5 random matrix (★☆☆)"
   ]
  },
  {
   "cell_type": "code",
   "execution_count": 267,
   "metadata": {},
   "outputs": [
    {
     "name": "stdout",
     "output_type": "stream",
     "text": [
      "[[ 4 11 19  8 22]\n",
      " [16  0  5  6 17]\n",
      " [14 18  2 10 23]\n",
      " [21  7  9 12 20]\n",
      " [ 3 13  1 15 24]]\n",
      "[[-0.83333333 -0.54166667 -0.20833333 -0.66666667 -0.08333333]\n",
      " [-0.33333333 -1.         -0.79166667 -0.75       -0.29166667]\n",
      " [-0.41666667 -0.25       -0.91666667 -0.58333333 -0.04166667]\n",
      " [-0.125      -0.70833333 -0.625      -0.5        -0.16666667]\n",
      " [-0.875      -0.45833333 -0.95833333 -0.375       0.        ]]\n"
     ]
    }
   ],
   "source": []
  },
  {
   "cell_type": "markdown",
   "metadata": {},
   "source": [
    "#### 23. Create a custom dtype that describes a color as four unsigned bytes (RGBA) (★☆☆)"
   ]
  },
  {
   "cell_type": "code",
   "execution_count": null,
   "metadata": {},
   "outputs": [],
   "source": []
  },
  {
   "cell_type": "markdown",
   "metadata": {},
   "source": [
    "#### 24. Multiply a 5x3 matrix by a 3x2 matrix (real matrix product) (★☆☆)"
   ]
  },
  {
   "cell_type": "code",
   "execution_count": 265,
   "metadata": {},
   "outputs": [
    {
     "name": "stdout",
     "output_type": "stream",
     "text": [
      "[[77 96 62]\n",
      " [21 11 35]\n",
      " [ 3 10  4]\n",
      " [47 23 49]\n",
      " [76 14 98]] \n",
      " [[60 67]\n",
      " [47 82]\n",
      " [12 17]]\n",
      "[[ 9876 14085]\n",
      " [ 2197  2904]\n",
      " [  698  1089]\n",
      " [ 4489  5868]\n",
      " [ 6394  7906]]\n"
     ]
    }
   ],
   "source": []
  },
  {
   "cell_type": "markdown",
   "metadata": {},
   "source": [
    "#### 25. Given a 1D array, negate all elements which are between 3 and 8, in place. (★☆☆)"
   ]
  },
  {
   "cell_type": "code",
   "execution_count": 277,
   "metadata": {},
   "outputs": [
    {
     "name": "stdout",
     "output_type": "stream",
     "text": [
      "[ 1 12 16 10  6 13  9  5 15  2  4 21  0  3 24]\n",
      "[ 1 12 16 10 -6 13  9 -5 15  2 -4 21  0  3 24]\n"
     ]
    }
   ],
   "source": []
  },
  {
   "cell_type": "markdown",
   "metadata": {},
   "source": [
    "#### 26. What is the output of the following script? (★☆☆)\n",
    "```python\n",
    "# Author: Jake VanderPlas\n",
    "\n",
    "print(sum(range(5),-1))\n",
    "from numpy import *\n",
    "print(sum(range(5),-1))\n",
    "```"
   ]
  },
  {
   "cell_type": "code",
   "execution_count": null,
   "metadata": {},
   "outputs": [],
   "source": []
  },
  {
   "cell_type": "markdown",
   "metadata": {},
   "source": [
    "#### 27. Consider an integer vector Z, which of these expressions are legal? (★☆☆)\n",
    "```python\n",
    "Z**Z\n",
    "2 << Z >> 2\n",
    "Z <- Z\n",
    "1j*Z\n",
    "Z/1/1\n",
    "Z<Z>Z\n",
    "```"
   ]
  },
  {
   "cell_type": "code",
   "execution_count": null,
   "metadata": {},
   "outputs": [],
   "source": []
  },
  {
   "cell_type": "markdown",
   "metadata": {},
   "source": [
    "#### 28. What are the result of the following expressions?\n",
    "```python\n",
    "np.array(0) / np.array(0)\n",
    "np.array(0) // np.array(0)\n",
    "np.array([np.nan]).astype(int).astype(float)\n",
    "```"
   ]
  },
  {
   "cell_type": "code",
   "execution_count": null,
   "metadata": {},
   "outputs": [],
   "source": []
  },
  {
   "cell_type": "markdown",
   "metadata": {},
   "source": [
    "#### 29. How to round away from zero a float array ? (★☆☆)"
   ]
  },
  {
   "cell_type": "code",
   "execution_count": 290,
   "metadata": {},
   "outputs": [
    {
     "name": "stdout",
     "output_type": "stream",
     "text": [
      "[ 6.  4. -6.  3. -5. -1.  4. -1. -6. 10.]\n"
     ]
    }
   ],
   "source": []
  },
  {
   "cell_type": "markdown",
   "metadata": {},
   "source": [
    "#### 30. How to find common values between two arrays? (★☆☆)"
   ]
  },
  {
   "cell_type": "code",
   "execution_count": 300,
   "metadata": {},
   "outputs": [
    {
     "name": "stdout",
     "output_type": "stream",
     "text": [
      " [1 0 3 0 4 8 0 8 0 7] \n",
      " [4 0 7 6 0 3 1 4 3 6] \n",
      " [0 1 3 4 7]\n"
     ]
    }
   ],
   "source": []
  },
  {
   "cell_type": "markdown",
   "metadata": {},
   "source": [
    "#### 31. How to ignore all numpy warnings (not recommended)? (★☆☆)"
   ]
  },
  {
   "cell_type": "code",
   "execution_count": 301,
   "metadata": {},
   "outputs": [],
   "source": []
  },
  {
   "cell_type": "markdown",
   "metadata": {},
   "source": [
    "#### 32. Is the following expressions true? (★☆☆)\n",
    "```python\n",
    "np.sqrt(-1) == np.emath.sqrt(-1)\n",
    "```"
   ]
  },
  {
   "cell_type": "code",
   "execution_count": null,
   "metadata": {},
   "outputs": [],
   "source": []
  },
  {
   "cell_type": "markdown",
   "metadata": {},
   "source": [
    "#### 33. How to get the dates of yesterday, today and tomorrow? (★☆☆)"
   ]
  },
  {
   "cell_type": "code",
   "execution_count": null,
   "metadata": {},
   "outputs": [],
   "source": []
  },
  {
   "cell_type": "markdown",
   "metadata": {},
   "source": [
    "#### 34. How to get all the dates corresponding to the month of July 2016? (★★☆)"
   ]
  },
  {
   "cell_type": "code",
   "execution_count": 306,
   "metadata": {},
   "outputs": [
    {
     "name": "stdout",
     "output_type": "stream",
     "text": [
      "['2016-07-01' '2016-07-02' '2016-07-03' '2016-07-04' '2016-07-05'\n",
      " '2016-07-06' '2016-07-07' '2016-07-08' '2016-07-09' '2016-07-10'\n",
      " '2016-07-11' '2016-07-12' '2016-07-13' '2016-07-14' '2016-07-15'\n",
      " '2016-07-16' '2016-07-17' '2016-07-18' '2016-07-19' '2016-07-20'\n",
      " '2016-07-21' '2016-07-22' '2016-07-23' '2016-07-24' '2016-07-25'\n",
      " '2016-07-26' '2016-07-27' '2016-07-28' '2016-07-29' '2016-07-30'\n",
      " '2016-07-31']\n"
     ]
    }
   ],
   "source": []
  },
  {
   "cell_type": "markdown",
   "metadata": {},
   "source": [
    "#### 35. How to compute ((A+B)*(-A/2)) in place (without copy)? (★★☆)"
   ]
  },
  {
   "cell_type": "code",
   "execution_count": 307,
   "metadata": {},
   "outputs": [
    {
     "data": {
      "text/plain": [
       "array([-1.5, -1.5, -1.5])"
      ]
     },
     "execution_count": 307,
     "metadata": {},
     "output_type": "execute_result"
    }
   ],
   "source": []
  },
  {
   "cell_type": "markdown",
   "metadata": {},
   "source": [
    "#### 36. Extract the integer part of a random array using 5 different methods (★★☆)"
   ]
  },
  {
   "cell_type": "code",
   "execution_count": 308,
   "metadata": {},
   "outputs": [
    {
     "name": "stdout",
     "output_type": "stream",
     "text": [
      "[3. 8. 3. 5. 9. 8. 5. 1. 2. 3.]\n",
      "[3. 8. 3. 5. 9. 8. 5. 1. 2. 3.]\n",
      "[3. 8. 3. 5. 9. 8. 5. 1. 2. 3.]\n",
      "[3 8 3 5 9 8 5 1 2 3]\n",
      "[3. 8. 3. 5. 9. 8. 5. 1. 2. 3.]\n"
     ]
    }
   ],
   "source": []
  },
  {
   "cell_type": "markdown",
   "metadata": {},
   "source": [
    "#### 37. Create a 5x5 matrix with row values ranging from 0 to 4 (★★☆)"
   ]
  },
  {
   "cell_type": "code",
   "execution_count": 310,
   "metadata": {},
   "outputs": [
    {
     "data": {
      "text/plain": [
       "array([[0., 1., 2., 3., 4.],\n",
       "       [0., 1., 2., 3., 4.],\n",
       "       [0., 1., 2., 3., 4.],\n",
       "       [0., 1., 2., 3., 4.],\n",
       "       [0., 1., 2., 3., 4.]])"
      ]
     },
     "execution_count": 310,
     "metadata": {},
     "output_type": "execute_result"
    }
   ],
   "source": []
  },
  {
   "cell_type": "markdown",
   "metadata": {},
   "source": [
    "#### 38. Consider a generator function that generates 10 integers and use it to build an array (★☆☆)"
   ]
  },
  {
   "cell_type": "code",
   "execution_count": 317,
   "metadata": {},
   "outputs": [
    {
     "data": {
      "text/plain": [
       "array([[7, 1, 9, 3, 5],\n",
       "       [8, 0, 6, 2, 4]])"
      ]
     },
     "execution_count": 317,
     "metadata": {},
     "output_type": "execute_result"
    }
   ],
   "source": []
  },
  {
   "cell_type": "markdown",
   "metadata": {},
   "source": [
    "#### 39. Create a vector of size 10 with values ranging from 0 to 1, both excluded (★★☆)"
   ]
  },
  {
   "cell_type": "code",
   "execution_count": 330,
   "metadata": {},
   "outputs": [
    {
     "data": {
      "text/plain": [
       "array([0.09592688, 0.89669211, 0.72356018, 0.48341283, 0.52889142,\n",
       "       0.36211308, 0.64894049, 0.17455055, 0.35694373, 0.73455043])"
      ]
     },
     "execution_count": 330,
     "metadata": {},
     "output_type": "execute_result"
    }
   ],
   "source": []
  },
  {
   "cell_type": "markdown",
   "metadata": {},
   "source": [
    "#### 40. Create a random vector of size 10 and sort it (★★☆)"
   ]
  },
  {
   "cell_type": "code",
   "execution_count": 3,
   "metadata": {},
   "outputs": [
    {
     "name": "stdout",
     "output_type": "stream",
     "text": [
      "[0.17920713 0.22616402 0.23678839 0.41226913 0.47144338 0.50984683\n",
      " 0.78329416 0.79360471 0.80253454 0.89205529]\n"
     ]
    }
   ],
   "source": []
  },
  {
   "cell_type": "markdown",
   "metadata": {},
   "source": [
    "#### 41. How to sum a small array faster than np.sum? (★★☆)"
   ]
  },
  {
   "cell_type": "code",
   "execution_count": 4,
   "metadata": {},
   "outputs": [
    {
     "name": "stdout",
     "output_type": "stream",
     "text": [
      " 15 \n",
      " 15\n"
     ]
    }
   ],
   "source": []
  },
  {
   "cell_type": "markdown",
   "metadata": {},
   "source": [
    "#### 42. Consider two random array A and B, check if they are equal (★★☆)"
   ]
  },
  {
   "cell_type": "code",
   "execution_count": 9,
   "metadata": {},
   "outputs": [
    {
     "name": "stdout",
     "output_type": "stream",
     "text": [
      " [8 3 2 1 3 2 8 2 2 7] \n",
      " [8 4 0 6 4 2 3 2 4 4] \n",
      " [ True False False False False  True False  True False False]\n",
      " False\n"
     ]
    }
   ],
   "source": []
  },
  {
   "cell_type": "markdown",
   "metadata": {},
   "source": [
    "#### 43. Make an array immutable (read-only) (★★☆)"
   ]
  },
  {
   "cell_type": "code",
   "execution_count": null,
   "metadata": {},
   "outputs": [],
   "source": []
  },
  {
   "cell_type": "markdown",
   "metadata": {},
   "source": [
    "#### 44. Consider a random 10x2 matrix representing cartesian coordinates, convert them to polar coordinates (★★☆)"
   ]
  },
  {
   "cell_type": "code",
   "execution_count": 413,
   "metadata": {},
   "outputs": [
    {
     "name": "stdout",
     "output_type": "stream",
     "text": [
      " [[35.05307582  7.69341842]\n",
      " [39.38704458  8.85338255]\n",
      " [83.99575655 83.96254706]\n",
      " [80.41497329 36.01006   ]\n",
      " [21.52812629 43.2652467 ]\n",
      " [20.72412975 42.49459115]\n",
      " [99.71328038 14.08935035]\n",
      " [79.23075411 50.4530425 ]\n",
      " [45.44082972 60.97740719]\n",
      " [32.21152378 82.38896246]] \n",
      " [[ 35.88741857  12.37894925]\n",
      " [ 40.36981129  12.66833354]\n",
      " [118.76445776  44.98867122]\n",
      " [ 88.10954745  24.12297463]\n",
      " [ 48.32537422  63.54576336]\n",
      " [ 47.27874608  64.00203379]\n",
      " [100.70376397   8.04257329]\n",
      " [ 93.93094216  32.48841732]\n",
      " [ 76.04678293  53.30623944]\n",
      " [ 88.46198844  68.64604619]]\n"
     ]
    }
   ],
   "source": []
  },
  {
   "cell_type": "markdown",
   "metadata": {},
   "source": [
    "#### 45. Create random vector of size 10 and replace the maximum value by 0 (★★☆)"
   ]
  },
  {
   "cell_type": "code",
   "execution_count": 14,
   "metadata": {},
   "outputs": [
    {
     "name": "stdout",
     "output_type": "stream",
     "text": [
      "[14 47 18 42 23 38 16 43 13 25] 47\n",
      "[14  0 18 42 23 38 16 43 13 25]\n"
     ]
    }
   ],
   "source": []
  },
  {
   "cell_type": "markdown",
   "metadata": {},
   "source": [
    "#### 46. Create a structured array with `x` and `y` coordinates covering the [0,1]x[0,1] area (★★☆)"
   ]
  },
  {
   "cell_type": "code",
   "execution_count": 25,
   "metadata": {},
   "outputs": [
    {
     "name": "stdout",
     "output_type": "stream",
     "text": [
      "[[(0.  , 0.  ) (0.25, 0.  ) (0.5 , 0.  ) (0.75, 0.  ) (1.  , 0.  )]\n",
      " [(0.  , 0.25) (0.25, 0.25) (0.5 , 0.25) (0.75, 0.25) (1.  , 0.25)]\n",
      " [(0.  , 0.5 ) (0.25, 0.5 ) (0.5 , 0.5 ) (0.75, 0.5 ) (1.  , 0.5 )]\n",
      " [(0.  , 0.75) (0.25, 0.75) (0.5 , 0.75) (0.75, 0.75) (1.  , 0.75)]\n",
      " [(0.  , 1.  ) (0.25, 1.  ) (0.5 , 1.  ) (0.75, 1.  ) (1.  , 1.  )]]\n"
     ]
    }
   ],
   "source": []
  },
  {
   "cell_type": "markdown",
   "metadata": {},
   "source": [
    "#### 47. Given two arrays, X and Y, construct the Cauchy matrix C (Cij =1/(xi - yj))"
   ]
  },
  {
   "cell_type": "code",
   "execution_count": 27,
   "metadata": {},
   "outputs": [
    {
     "name": "stdout",
     "output_type": "stream",
     "text": [
      "[[-2.         -0.66666667 -0.4        -0.28571429 -0.22222222 -0.18181818\n",
      "  -0.15384615 -0.13333333]\n",
      " [ 2.         -2.         -0.66666667 -0.4        -0.28571429 -0.22222222\n",
      "  -0.18181818 -0.15384615]\n",
      " [ 0.66666667  2.         -2.         -0.66666667 -0.4        -0.28571429\n",
      "  -0.22222222 -0.18181818]\n",
      " [ 0.4         0.66666667  2.         -2.         -0.66666667 -0.4\n",
      "  -0.28571429 -0.22222222]\n",
      " [ 0.28571429  0.4         0.66666667  2.         -2.         -0.66666667\n",
      "  -0.4        -0.28571429]\n",
      " [ 0.22222222  0.28571429  0.4         0.66666667  2.         -2.\n",
      "  -0.66666667 -0.4       ]\n",
      " [ 0.18181818  0.22222222  0.28571429  0.4         0.66666667  2.\n",
      "  -2.         -0.66666667]\n",
      " [ 0.15384615  0.18181818  0.22222222  0.28571429  0.4         0.66666667\n",
      "   2.         -2.        ]]\n"
     ]
    }
   ],
   "source": []
  },
  {
   "cell_type": "markdown",
   "metadata": {},
   "source": [
    "#### 48. Print the minimum and maximum representable value for each numpy scalar type (★★☆)"
   ]
  },
  {
   "cell_type": "code",
   "execution_count": 28,
   "metadata": {},
   "outputs": [
    {
     "name": "stdout",
     "output_type": "stream",
     "text": [
      "-128\n",
      "127\n",
      "-2147483648\n",
      "2147483647\n",
      "-9223372036854775808\n",
      "9223372036854775807\n",
      "-3.4028235e+38\n",
      "3.4028235e+38\n",
      "1.1920929e-07\n",
      "-1.7976931348623157e+308\n",
      "1.7976931348623157e+308\n",
      "2.220446049250313e-16\n"
     ]
    }
   ],
   "source": []
  },
  {
   "cell_type": "markdown",
   "metadata": {},
   "source": [
    "#### 49. How to print all the values of an array? (★★☆)"
   ]
  },
  {
   "cell_type": "code",
   "execution_count": null,
   "metadata": {},
   "outputs": [],
   "source": []
  },
  {
   "cell_type": "markdown",
   "metadata": {},
   "source": [
    "#### 50. How to find the closest value (to a given scalar) in a vector? (★★☆)"
   ]
  },
  {
   "cell_type": "code",
   "execution_count": 34,
   "metadata": {},
   "outputs": [
    {
     "name": "stdout",
     "output_type": "stream",
     "text": [
      " [ 0  1  2  3  4  5  6  7  8  9 10 11 12 13 14 15 16 17 18 19 20 21 22 23\n",
      " 24 25 26 27 28 29 30 31 32 33 34 35 36 37 38 39 40 41 42 43 44 45 46 47\n",
      " 48 49 50 51 52 53 54 55 56 57 58 59 60 61 62 63 64 65 66 67 68 69 70 71\n",
      " 72 73 74 75 76 77 78 79 80 81 82 83 84 85 86 87 88 89 90 91 92 93 94 95\n",
      " 96 97 98 99] \n",
      " 10.406700173101758 \n",
      " 10\n"
     ]
    }
   ],
   "source": []
  },
  {
   "cell_type": "markdown",
   "metadata": {},
   "source": [
    "#### 51. Create a structured array representing a position (x,y) and a color (r,g,b) (★★☆)"
   ]
  },
  {
   "cell_type": "code",
   "execution_count": null,
   "metadata": {},
   "outputs": [],
   "source": []
  },
  {
   "cell_type": "markdown",
   "metadata": {},
   "source": [
    "#### 52. Consider a random vector with shape (100,2) representing coordinates, find point by point distances (★★☆)"
   ]
  },
  {
   "cell_type": "code",
   "execution_count": 39,
   "metadata": {},
   "outputs": [
    {
     "name": "stdout",
     "output_type": "stream",
     "text": [
      "[[0.         0.6241489  0.75679156 0.56652647 0.89268865 0.84189268\n",
      "  0.90457842 0.39863162 0.84278847 0.55353423]\n",
      " [0.6241489  0.         0.59921305 0.66515968 0.28539955 0.54633145\n",
      "  0.35765051 0.72854365 0.33348311 0.77069095]\n",
      " [0.75679156 0.59921305 0.         0.27472385 0.80524349 0.16165298\n",
      "  0.92883393 1.08719069 0.92370317 0.40305748]\n",
      " [0.56652647 0.66515968 0.27472385 0.         0.92658893 0.42657156\n",
      "  1.02213442 0.94417625 0.99660236 0.13505651]\n",
      " [0.89268865 0.28539955 0.80524349 0.92658893 0.         0.70513538\n",
      "  0.15031578 0.91586816 0.19636722 1.04159307]\n",
      " [0.84189268 0.54633145 0.16165298 0.42657156 0.70513538 0.\n",
      "  0.84085609 1.13341051 0.84784006 0.55905873]\n",
      " [0.90457842 0.35765051 0.92883393 1.02213442 0.15031578 0.84085609\n",
      "  0.         0.86143114 0.07691009 1.12813063]\n",
      " [0.39863162 0.72854365 1.08719069 0.94417625 0.91586816 1.13341051\n",
      "  0.86143114 0.         0.78558894 0.94825789]\n",
      " [0.84278847 0.33348311 0.92370317 0.99660236 0.19636722 0.84784006\n",
      "  0.07691009 0.78558894 0.         1.09671796]\n",
      " [0.55353423 0.77069095 0.40305748 0.13505651 1.04159307 0.55905873\n",
      "  1.12813063 0.94825789 1.09671796 0.        ]]\n",
      "[[0.         0.61128456 0.54883211 0.55098758 0.30552642 0.83417703\n",
      "  0.77510187 0.14010232 0.36209008 0.55382767]\n",
      " [0.61128456 0.         0.57282755 0.06356572 0.32774985 0.59316826\n",
      "  0.24536038 0.53847706 0.39983152 0.54336694]\n",
      " [0.54883211 0.57282755 0.         0.55712726 0.55262857 0.32730463\n",
      "  0.53499488 0.40975615 0.24289556 0.03453172]\n",
      " [0.55098758 0.06356572 0.55712726 0.         0.26428356 0.61285195\n",
      "  0.2976322  0.48414224 0.36422978 0.52987368]\n",
      " [0.30552642 0.32774985 0.55262857 0.26428356 0.         0.73611342\n",
      "  0.53658791 0.28587342 0.30987067 0.53857125]\n",
      " [0.83417703 0.59316826 0.32730463 0.61285195 0.73611342 0.\n",
      "  0.42073953 0.69555898 0.47612834 0.3046208 ]\n",
      " [0.77510187 0.24536038 0.53499488 0.2976322  0.53658791 0.42073953\n",
      "  0.         0.66965249 0.46626198 0.50061716]\n",
      " [0.14010232 0.53847706 0.40975615 0.48414224 0.28587342 0.69555898\n",
      "  0.66965249 0.         0.22874496 0.41389535]\n",
      " [0.36209008 0.39983152 0.24289556 0.36422978 0.30987067 0.47612834\n",
      "  0.46626198 0.22874496 0.         0.23088509]\n",
      " [0.55382767 0.54336694 0.03453172 0.52987368 0.53857125 0.3046208\n",
      "  0.50061716 0.41389535 0.23088509 0.        ]]\n"
     ]
    }
   ],
   "source": []
  },
  {
   "cell_type": "markdown",
   "metadata": {},
   "source": [
    "#### 53. How to convert a float (32 bits) array into an integer (32 bits) in place?"
   ]
  },
  {
   "cell_type": "code",
   "execution_count": 42,
   "metadata": {},
   "outputs": [
    {
     "name": "stdout",
     "output_type": "stream",
     "text": [
      "[0. 1. 2. 3. 4. 5. 6. 7. 8. 9.]\n"
     ]
    }
   ],
   "source": []
  },
  {
   "cell_type": "markdown",
   "metadata": {},
   "source": [
    "#### 54. How to read the following file? (★★☆)\n",
    "```\n",
    "1, 2, 3, 4, 5\n",
    "6,  ,  , 7, 8\n",
    " ,  , 9,10,11\n",
    "```"
   ]
  },
  {
   "cell_type": "code",
   "execution_count": 44,
   "metadata": {},
   "outputs": [
    {
     "name": "stdout",
     "output_type": "stream",
     "text": [
      "[[ 1  2  3  4  5]\n",
      " [ 6 -1 -1  7  8]\n",
      " [-1 -1  9 10 11]]\n"
     ]
    }
   ],
   "source": []
  },
  {
   "cell_type": "markdown",
   "metadata": {},
   "source": [
    "#### 55. What is the equivalent of enumerate for numpy arrays? (★★☆)"
   ]
  },
  {
   "cell_type": "code",
   "execution_count": 48,
   "metadata": {},
   "outputs": [
    {
     "name": "stdout",
     "output_type": "stream",
     "text": [
      "(0, 0) 0\n",
      "(0, 1) 1\n",
      "(0, 2) 2\n",
      "(1, 0) 3\n",
      "(1, 1) 4\n",
      "(1, 2) 5\n",
      "(2, 0) 6\n",
      "(2, 1) 7\n",
      "(2, 2) 8\n",
      "(0, 0) 0\n",
      "(0, 1) 1\n",
      "(0, 2) 2\n",
      "(1, 0) 3\n",
      "(1, 1) 4\n",
      "(1, 2) 5\n",
      "(2, 0) 6\n",
      "(2, 1) 7\n",
      "(2, 2) 8\n"
     ]
    }
   ],
   "source": []
  },
  {
   "cell_type": "markdown",
   "metadata": {},
   "source": [
    "#### 56. Generate a generic 2D Gaussian-like array (★★☆)"
   ]
  },
  {
   "cell_type": "code",
   "execution_count": 49,
   "metadata": {},
   "outputs": [
    {
     "name": "stdout",
     "output_type": "stream",
     "text": [
      "[[0.36787944 0.44822088 0.51979489 0.57375342 0.60279818 0.60279818\n",
      "  0.57375342 0.51979489 0.44822088 0.36787944]\n",
      " [0.44822088 0.54610814 0.63331324 0.69905581 0.73444367 0.73444367\n",
      "  0.69905581 0.63331324 0.54610814 0.44822088]\n",
      " [0.51979489 0.63331324 0.73444367 0.81068432 0.85172308 0.85172308\n",
      "  0.81068432 0.73444367 0.63331324 0.51979489]\n",
      " [0.57375342 0.69905581 0.81068432 0.89483932 0.9401382  0.9401382\n",
      "  0.89483932 0.81068432 0.69905581 0.57375342]\n",
      " [0.60279818 0.73444367 0.85172308 0.9401382  0.98773022 0.98773022\n",
      "  0.9401382  0.85172308 0.73444367 0.60279818]\n",
      " [0.60279818 0.73444367 0.85172308 0.9401382  0.98773022 0.98773022\n",
      "  0.9401382  0.85172308 0.73444367 0.60279818]\n",
      " [0.57375342 0.69905581 0.81068432 0.89483932 0.9401382  0.9401382\n",
      "  0.89483932 0.81068432 0.69905581 0.57375342]\n",
      " [0.51979489 0.63331324 0.73444367 0.81068432 0.85172308 0.85172308\n",
      "  0.81068432 0.73444367 0.63331324 0.51979489]\n",
      " [0.44822088 0.54610814 0.63331324 0.69905581 0.73444367 0.73444367\n",
      "  0.69905581 0.63331324 0.54610814 0.44822088]\n",
      " [0.36787944 0.44822088 0.51979489 0.57375342 0.60279818 0.60279818\n",
      "  0.57375342 0.51979489 0.44822088 0.36787944]]\n"
     ]
    }
   ],
   "source": []
  },
  {
   "cell_type": "markdown",
   "metadata": {},
   "source": [
    "#### 57. How to randomly place p elements in a 2D array? (★★☆)"
   ]
  },
  {
   "cell_type": "code",
   "execution_count": 96,
   "metadata": {},
   "outputs": [
    {
     "name": "stdout",
     "output_type": "stream",
     "text": [
      "[[0. 0. 0. 0. 0. 0. 0. 0. 0. 0.]\n",
      " [0. 0. 0. 0. 0. 0. 0. 0. 0. 5.]\n",
      " [0. 0. 0. 0. 0. 0. 0. 0. 0. 0.]\n",
      " [1. 0. 0. 2. 0. 0. 0. 0. 8. 9.]\n",
      " [0. 0. 0. 0. 0. 0. 0. 0. 0. 0.]\n",
      " [6. 0. 0. 0. 9. 0. 0. 0. 0. 0.]\n",
      " [0. 0. 0. 0. 0. 0. 0. 0. 0. 0.]\n",
      " [7. 0. 0. 0. 0. 0. 8. 0. 0. 0.]\n",
      " [0. 0. 0. 0. 6. 0. 0. 5. 0. 0.]\n",
      " [0. 0. 0. 0. 0. 0. 0. 0. 0. 0.]]\n"
     ]
    }
